50,1,1
52,1,2
56,1,3
60,1,4
66,1,5
70,1,6
78,1,7
82,1,8
90,1,9
96,1,10
100,2,1
104,1,11
104,2,2
108,1,12
112,2,3
120,2,4
120,1,13
124,1,14
132,2,5
132,1,15
140,2,6
140,1,16
150,1,17
150,3,1
154,1,18
156,3,2
156,2,7
164,2,8
166,1,19
168,3,3
170,1,20
180,2,9
180,3,4
182,1,21
190,1,22
192,2,10
198,3,5
198,1,23
200,4,1
202,1,24
208,4,2
208,2,11
210,3,6
216,2,12
218,1,25
224,4,3
224,1,26
232,1,27
234,3,7
240,4,4
240,2,13
240,1,28
246,3,8
248,2,14
250,5,1
252,1,29
256,1,30
260,5,2
264,4,5
264,2,15
270,3,9
272,1,31
276,1,32
280,2,16
280,4,6
280,5,3
288,3,10
288,1,33
296,1,34
300,2,17
300,5,4
300,6,1
304,1,35
308,2,18
312,1,36
312,6,2
312,3,11
312,4,7
324,3,12
328,4,8
330,1,37
330,5,5
332,2,19
334,1,38
336,6,3
340,2,20
342,1,39
350,1,40
350,7,1
350,5,6
360,3,13
360,6,4
360,4,9
364,2,21
364,7,2
366,1,41
370,1,42
372,3,14
380,2,22
384,4,10
386,1,43
390,5,7
390,1,44
392,7,3
396,3,15
396,6,5
396,2,23
400,8,1
402,1,45
404,2,24
410,5,8
414,1,46
416,8,2
416,4,11
420,3,16
420,6,6
420,7,4
422,1,47
426,1,48
432,4,12
436,2,25
446,1,49
446,2,26
448,8,3
449,3,17
450,9,1
450,5,9
452,1,50
457,3,18
458,2,27
462,7,5
468,6,7
468,9,2
470,2,28
478,4,13
480,8,4
480,5,10
487,3,19
488,4,14
490,7,6
490,2,29
492,6,8
493,3,20
494,2,30
500,10,1
504,9,3
512,4,15
515,5,11
520,10,2
522,2,31
523,3,21
525,5,12
526,2,32
528,8,5
536,4,16
536,6,9
540,9,4
541,3,22
546,7,7
546,2,33
550,11,1
558,2,34
559,3,23
560,10,3
560,8,6
562,6,10
565,3,24
568,4,17
568,7,8
570,2,35
572,11,2
575,5,13
576,4,18
582,2,36
585,5,14
594,9,5
598,6,11
600,12,1
600,10,4
607,3,25
610,6,12
611,7,9
614,2,37
615,5,15
616,4,19
616,11,3
618,2,38
618,8,7
619,3,26
624,12,2
624,4,20
626,9,6
630,2,39
636,8,8
637,3,27
639,7,10
642,2,40
645,5,16
650,13,1
655,3,28
660,11,4
660,10,5
664,4,21
670,6,13
670,2,41
672,12,3
674,2,42
676,13,2
681,7,11
682,6,14
684,8,9
685,3,29
685,9,7
685,5,17
688,4,22
690,10,6
691,3,30
695,7,12
695,5,18
700,14,1
702,2,43
703,9,8
706,2,44
712,4,23
716,8,10
718,6,15
720,4,24
720,12,4
721,11,5
726,2,45
728,14,2
728,13,3
733,3,31
739,3,32
745,5,19
746,2,46
749,11,6
750,10,7
750,15,1
754,6,16
755,5,20
757,9,9
758,2,47
762,2,48
764,8,11
765,7,13
768,3,33
770,10,8
774,4,25
778,13,4
779,7,14
780,15,2
780,8,12
782,12,5
784,14,3
786,3,34
790,4,26
793,9,10
798,2,49
798,6,17
800,16,1
800,5,21
800,3,35
806,2,50
808,12,6
808,4,27
810,6,18
815,11,7
815,7,15
818,3,36
830,5,22
830,10,9
832,16,2
832,4,28
834,14,4
837,11,8
840,15,3
841,13,5
843,9,11
850,5,23
850,17,1
854,8,13
857,7,16
860,6,19
860,3,37
860,5,24
861,9,12
864,4,29
866,3,38
867,13,6
870,8,14
870,10,10
872,4,30
872,6,20
878,3,39
880,12,7
884,17,2
890,15,4
896,3,40
896,16,3
898,14,5
898,11,9
900,18,1
900,7,17
904,12,8
904,8,15
914,7,18
920,4,31
920,5,25
920,10,11
920,6,21
926,14,6
928,4,32
932,3,41
936,18,2
938,3,42
938,9,13
940,5,26
940,10,12
942,11,10
943,13,7
946,16,4
950,19,1
951,17,3
952,8,16
955,15,5
956,6,22
956,9,14
960,4,33
960,5,27
966,12,9
969,13,8
970,7,19
974,3,43
980,6,23
980,3,44
984,4,34
984,7,20
985,15,6
988,19,2
990,5,28
992,9,15
992,11,11
992,6,24
1000,20,1
1000,8,17
1000,4,35
1001,17,4
1004,18,3
1004,3,45
1004,14,7
1012,16,5
1014,12,10
1014,11,12
1016,8,18
1020,10,13
1024,4,36
1030,5,29
1032,13,9
1032,14,8
1034,3,46
1040,7,21
1040,20,2
1040,10,14
1040,5,30
1042,9,16
1044,16,6
1046,3,47
1050,21,1
1052,3,48
1054,18,4
1057,19,3
1060,6,25
1064,12,11
1065,15,7
1068,17,5
1074,8,19
1076,7,22
1078,4,37
1080,10,15
1082,13,10
1084,6,26
1086,4,38
1088,12,12
1090,8,20
1092,21,2
1095,5,31
1095,15,8
1096,14,9
1096,9,17
1097,11,13
1099,3,49
1100,22,1
1102,4,39
1102,17,6
1104,7,23
1105,5,32
1107,19,4
1108,6,27
1110,20,3
1111,3,50
1114,9,18
1118,7,24
1119,11,14
1120,4,40
1122,18,5
1126,16,7
1130,10,16
1134,6,28
1134,13,11
1144,22,2
1145,5,33
1146,14,10
1150,23,1
1154,8,21
1158,16,8
1158,18,6
1160,15,9
1160,20,4
1160,13,12
1163,21,3
1163,11,15
1165,5,34
1168,4,41
1173,9,19
1174,12,13
1176,19,5
1176,4,42
1182,6,29
1185,17,7
1185,5,35
1188,8,22
1189,7,25
1190,10,17
1191,9,20
1194,6,30
1196,23,2
1198,12,14
1200,24,1
1202,14,11
1210,10,18
1210,15,10
1213,21,4
1213,11,16
1214,19,6
1215,5,36
1216,22,3
1216,4,43
1217,7,26
1219,17,8
1220,8,23
1224,16,9
1224,4,44
1230,20,5
1230,14,12
1236,8,24
1240,18,7
1245,7,27
1246,12,15
1247,13,13
1248,24,2
1250,25,1
1254,6,31
1256,4,45
1259,9,21
1266,22,4
1266,6,32
1269,23,3
1270,10,19
1270,15,11
1270,20,6
1273,13,14
1273,7,28
1274,16,10
1274,11,17
1275,5,37
1276,18,8
1284,21,5
1285,5,38
1286,17,9
1288,4,46
1290,10,20
1295,9,22
1295,19,7
1296,12,16
1296,11,18
1300,26,1
1300,15,12
1300,25,2
1304,4,47
1305,5,39
1310,8,25
1310,6,33
1312,4,48
1316,14,13
1319,23,4
1322,24,3
1323,7,29
1325,13,15
1325,5,40
1326,21,6
1331,9,23
1333,19,8
1334,6,34
1336,17,10
1337,7,30
1338,16,11
1338,22,5
1342,8,26
1344,14,14
1344,18,9
1349,9,24
1350,20,7
1350,26,2
1350,27,1
1358,6,35
1358,12,17
1360,10,21
1362,11,19
1366,4,49
1370,16,12
1372,24,4
1374,8,27
1375,13,16
1375,25,3
1380,5,41
1382,12,18
1382,22,6
1382,4,50
1384,11,20
1385,15,13
1390,5,42
1390,20,8
1392,23,5
1394,18,10
1394,6,36
1400,27,2
1400,28,1
1400,14,15
1400,10,22
1402,19,9
1403,17,11
1405,21,7
1406,8,28
1407,7,31
1415,15,14
1421,7,32
1424,26,3
1425,25,4
1426,9,25
1437,17,12
1438,13,17
1438,23,6
1440,5,43
1440,10,23
1446,24,5
1447,21,8
1450,5,44
1450,29,1
1450,28,2
1450,14,16
1451,11,21
1452,19,10
1454,12,19
1454,16,13
1456,6,37
1456,8,29
1458,9,26
1460,22,7
1460,10,24
1460,20,9
1462,18,11
1464,13,18
1464,7,33
1468,6,38
1472,8,30
1473,27,3
1474,26,4
1475,15,15
1478,12,20
1480,5,45
1486,16,14
1492,7,34
1492,6,39
1494,24,6
1494,9,27
1495,11,22
1498,18,12
1500,25,5
1500,29,2
1500,30,1
1504,22,8
1510,20,10
1514,14,17
1515,23,7
1516,6,40
1518,21,9
1520,7,35
1520,5,46
1520,17,13
1521,19,11
1522,28,3
1523,27,4
1525,15,16
1530,9,28
1539,11,23
1540,5,47
1540,13,19
1540,10,25
1542,12,21
1542,14,18
1546,8,31
1548,26,5
1550,5,48
1550,16,15
1550,30,2
1550,31,1
1550,25,6
1554,17,14
1556,7,36
1559,19,12
1561,11,24
1561,23,8
1562,8,32
1566,13,20
1568,21,10
1570,24,7
1570,10,26
1571,29,3
1572,28,4
1572,6,41
1576,22,9
1580,18,13
1580,20,11
1584,9,29
1584,6,42
1590,15,17
1590,12,22
1596,27,5
1598,26,6
1600,32,1
1600,16,16
1600,31,2
1602,9,30
1610,10,27
1610,5,49
1610,8,33
1616,18,14
1618,24,8
1620,20,12
1620,15,18
1620,14,19
1620,30,3
1621,29,4
1621,17,15
1625,25,7
1626,22,10
1626,7,37
1629,13,21
1630,5,50
1634,23,9
1638,12,23
1639,21,11
1640,7,38
1640,19,13
1642,8,34
1644,11,25
1644,6,43
1644,28,5
1646,27,6
1648,14,20
1650,32,2
1650,33,1
1650,10,28
1656,6,44
1662,12,24
1666,16,17
1668,7,39
1669,31,3
1670,30,4
1671,17,16
1672,11,26
1672,26,7
1674,8,35
1675,9,31
1675,25,8
1678,19,14
1679,13,22
1681,21,12
1684,18,15
1684,23,10
1692,24,9
1692,29,5
1692,6,45
1693,9,32
1694,28,6
1696,7,40
1698,16,18
1698,22,11
1700,15,19
1700,34,1
1700,33,2
1700,20,13
1708,8,36
1710,10,29
1712,14,21
1716,11,27
1718,32,3
1719,31,4
1719,27,7
1722,26,8
1730,6,46
1730,15,20
1730,10,30
1731,13,23
1734,18,16
1738,17,17
1740,30,5
1740,20,14
1742,22,12
1742,24,10
1742,29,6
1747,19,15
1747,9,33
1748,12,25
1750,34,2
1750,25,9
1750,35,1
1753,7,41
1754,6,47
1757,13,24
1757,23,11
1760,21,13
1760,11,28
1762,14,22
1766,6,48
1766,28,7
1767,7,42
1767,33,3
1768,32,4
1769,27,8
1772,17,18
1774,12,26
1780,16,19
1782,8,37
1783,9,34
1788,31,5
1790,30,6
1795,15,21
1796,26,9
1797,19,16
1798,8,38
1800,25,10
1800,36,1
1800,35,2
1800,10,31
1802,21,14
1802,18,17
1803,23,12
1810,20,15
1812,16,20
1813,29,7
1816,34,3
1816,24,11
1816,28,8
1817,33,4
1818,14,23
1819,9,35
1820,10,32
1820,22,13
1821,11,29
1822,12,27
1830,8,39
1831,7,43
1834,6,49
1836,32,5
1838,31,6
1838,18,18
1842,27,9
1843,11,30
1844,13,25
1845,15,22
1845,7,44
1846,14,24
1846,26,10
1850,37,1
1850,36,2
1851,9,36
1855,17,19
1858,6,50
1860,30,7
1860,20,16
1862,8,40
1863,29,8
1864,22,14
1864,24,12
1865,35,3
1866,19,17
1866,34,4
1870,13,26
1870,12,28
1873,21,15
1875,25,11
1878,16,21
1880,23,13
1880,10,33
1884,33,5
1886,32,6
1887,7,45
1888,28,9
1889,17,20
1892,27,10
1900,38,1
1900,37,2
1904,19,18
1905,15,23
1907,31,7
1910,30,8
1914,36,3
1915,11,31
1915,35,4
1920,26,11
1920,10,34
1920,18,19
1922,13,27
1923,21,16
1925,25,12
1926,8,41
1926,23,14
1928,16,22
1928,9,37
1929,7,46
1930,20,17
1932,12,29
1932,14,25
1932,34,5
1934,33,6
1934,29,9
1935,15,24
1936,22,15
1937,11,32
1938,28,10
1940,24,13
1942,8,42
1946,9,38
1950,39,1
1950,38,2
1954,32,7
1956,18,20
1956,12,30
1956,17,21
1957,31,8
1957,7,47
1960,10,35
1960,14,26
1963,37,3
1964,36,4
1965,27,11
1970,20,18
1970,26,12
1971,7,48
1972,13,28
1980,35,5
1980,30,9
1982,9,39
1982,34,6
1984,29,10
1985,19,19
1986,22,16
1988,24,14
1990,10,36
1992,16,23
1994,21,17
1998,11,33
1999,23,15
2000,39,2
2000,25,13
2000,40,1
2001,33,7
2002,8,43
2004,32,8
2006,17,22
2010,28,11
2012,38,3
2013,37,4
2015,27,12
2016,14,27
2018,9,40
2018,8,44
2020,15,25
2023,19,20
2024,16,24
2024,18,21
2026,31,9
2028,36,5
2030,12,31
2030,35,6
2030,30,10
2035,13,29
2036,21,18
2042,11,34
2042,7,49
2044,26,13
2048,34,7
2049,23,16
2050,41,1
2050,40,2
2050,25,14
2050,20,19
2050,15,26
2051,33,8
2054,12,32
2055,29,11
2058,22,17
2060,28,12
2061,13,30
2061,39,3
2062,24,15
2062,38,4
2064,7,50
2066,14,28
2066,8,45
2070,10,37
2072,32,9
2073,17,23
2074,18,22
2076,31,10
2076,37,5
2078,36,6
2086,9,41
2086,11,35
2088,27,13
2090,10,38
2090,20,20
2092,19,21
2094,26,14
2095,35,7
2098,34,8
2100,30,11
2100,42,1
2100,41,2
2102,22,18
2104,9,42
2105,29,12
2107,17,24
2108,16,25
2110,15,27
2110,40,3
2111,39,4
2112,24,16
2114,11,36
2114,8,46
2115,21,19
2116,12,33
2118,33,9
2122,23,17
2122,32,10
2124,38,5
2125,25,15
2126,37,6
2130,14,29
2130,10,39
2132,28,13
2137,13,31
2138,27,14
2140,16,26
2142,19,22
2142,18,23
2142,36,7
2145,31,11
2145,35,8
2146,8,47
2150,43,1
2150,30,12
2150,42,2
2157,21,20
2158,14,30
2159,41,3
2160,40,4
2160,20,21
2160,15,28
2162,8,48
2163,9,43
2163,13,32
2164,12,34
2164,34,9
2168,33,10
2168,26,15
2168,23,18
2170,10,40
2172,39,5
2174,38,6
2175,25,16
2176,29,13
2178,18,24
2180,22,19
2181,9,44
2182,28,14
2186,24,17
2189,37,7
2190,17,25
2190,32,11
2192,36,8
2195,31,12
2197,11,37
2200,43,2
2200,44,1
2204,16,27
2208,42,3
2209,41,4
2210,35,9
2210,20,22
2211,19,23
2211,27,15
2212,12,35
2214,34,10
2218,26,16
2219,11,38
2220,30,13
2220,40,5
2222,39,6
2224,22,20
2224,17,26
2225,15,29
2226,13,33
2226,29,14
2228,21,21
2234,24,18
2235,9,45
2235,33,11
2236,38,7
2236,14,31
2236,8,49
2238,12,36
2239,37,8
2240,10,41
2240,32,12
2245,23,19
2249,19,24
2250,25,17
2250,44,2
2250,45,1
2254,28,15
2254,16,28
2254,8,50
2255,15,30
2256,36,9
2257,43,3
2258,42,4
2260,18,25
2260,35,10
2260,10,42
2261,27,16
2263,11,39
2264,31,13
2264,14,32
2268,41,5
2270,40,6
2270,30,14
2276,13,34
2278,21,22
2280,34,11
2280,20,23
2283,39,7
2285,9,46
2285,33,12
2286,38,8
2291,23,20
2291,17,27
2292,26,17
2296,22,21
2296,18,26
2297,29,15
2300,45,2
2300,25,18
2300,46,1
2302,37,9
2304,28,16
2306,44,3
2306,36,10
2307,43,4
2307,11,40
2308,32,13
2310,24,19
2314,31,14
2316,42,5
2318,41,6
2320,10,43
2320,20,24
2320,16,29
2321,9,47
2324,12,37
2325,35,11
2328,13,35
2328,14,33
2330,19,25
2330,40,7
2330,34,12
2333,39,8
2334,27,17
2335,15,31
2339,9,48
2340,10,44
2340,30,15
2341,17,28
2342,26,18
2346,22,22
2347,29,16
2348,38,9
2348,12,38
2349,21,23
2350,46,2
2350,47,1
2352,16,30
2352,33,13
2352,37,10
2354,13,36
2355,45,3
2356,44,4
2358,24,20
2358,32,14
2364,23,21
2364,18,27
2364,43,5
2365,15,32
2366,42,6
2368,19,26
2370,36,11
2374,11,41
2375,25,19
2375,35,12
2376,28,17
2377,41,7
2378,14,34
2380,40,8
2383,31,15
2384,27,18
2390,30,16
2391,21,24
2394,39,9
2396,11,42
2396,34,13
2396,12,39
2398,38,10
2400,48,1
2400,20,25
2400,47,2
2400,10,45
2402,33,14
2404,46,3
2405,45,4
2408,17,29
2412,44,5
2414,23,22
2414,43,6
2414,18,28
2415,37,11
2416,9,49
2416,26,19
2418,29,17
2418,22,23
2420,36,12
2424,42,7
2425,25,20
2426,28,18
2426,32,15
2427,41,8
2430,15,33
2432,24,21
2433,31,16
2434,16,31
2434,14,35
2434,9,50
2437,19,27
2440,35,13
2440,40,9
2440,20,26
2441,13,37
2442,17,30
2444,12,40
2444,39,10
2446,34,14
2450,10,46
2450,48,2
2450,49,1
2453,47,3
2454,46,4
2457,27,19
2460,45,5
2460,38,11
2460,30,17
2462,11,43
2462,14,36
2462,22,24
2462,44,6
2465,37,12
2466,16,32
2466,26,20
2467,13,38
2468,29,18
2469,33,15
2470,21,25
2471,43,7
2474,42,8
2476,32,16
2480,15,34
2482,24,22
2482,18,29
2484,36,13
2484,11,44
2486,41,9
2487,23,23
2487,19,28
2490,10,47
2490,40,10
2490,35,14
2498,28,19
2500,49,2
2500,50,1
2500,25,21
2502,48,3
2502,31,17
2503,47,4
2505,39,11
2507,27,20
2508,46,5
2508,12,41
2510,20,27
2510,45,6
2510,30,18
2510,38,12
2510,10,48
2512,21,26
2512,34,15
2518,44,7
2518,18,30
2519,13,39
2519,33,16
2521,43,8
2525,17,31
2528,37,13
2532,16,33
2532,12,42
2532,42,9
2533,23,24
2534,36,14
2536,41,10
2539,29,19
2540,26,21
2540,15,35
2540,22,25
2544,32,17
2545,11,45
2548,28,20
2548,14,37
2550,40,11
2550,50,2
2550,25,22
2551,49,3
2552,48,4
2552,31,18
2555,39,12
2555,35,15
2556,19,29
2556,24,23
2556,47,5
2558,46,6
2559,17,32
2560,20,28
2562,34,16
2565,45,7
2568,44,8
2569,13,40
2570,15,36
2572,38,13
2576,14,38
2578,43,9
2578,37,14
2580,27,21
2580,30,19
2582,42,10
2582,16,34
2583,21,27
2584,22,26
2586,33,17
2589,29,20
2590,10,49
2590,26,22
2594,19,30
2594,32,18
2595,41,11
2595,11,46
2598,36,15
2600,18,31
2600,50,3
2600,40,12
2601,49,4
2604,24,24
2604,12,43
2604,48,5
2605,35,16
2606,47,6
2610,23,25
2610,10,50
2612,46,7
2615,45,8
2616,39,13
2620,28,21
2621,31,19
2622,38,14
2624,44,9
2625,25,23
2626,17,33
2628,43,10
2628,12,44
2628,34,17
2630,30,20
2630,27,22
2630,20,29
2632,13,41
2632,14,39
2633,21,28
2636,18,32
2636,33,18
2639,11,47
2640,42,11
2641,37,15
2645,41,12
2646,16,35
2648,36,16
2650,50,4
2652,49,5
2654,48,6
2655,15,37
2656,22,27
2656,23,26
2658,13,42
2659,47,7
2660,29,21
2660,40,13
2661,11,48
2662,46,8
2662,32,19
2664,26,23
2666,39,14
2670,45,9
2670,35,17
2670,20,30
2670,28,22
2671,31,20
2674,44,10
2675,19,31
2675,25,24
2676,17,34
2678,34,18
2678,16,36
2680,24,25
2682,14,40
2684,38,15
2685,43,11
2685,15,38
2690,42,12
2690,12,45
2691,37,16
2700,50,5
2700,30,21
2702,49,6
2703,27,23
2703,33,19
2704,21,29
2704,41,13
2704,18,33
2706,48,7
2706,22,28
2709,47,8
2710,29,22
2710,40,14
2712,32,20
2712,36,17
2713,19,32
2714,26,24
2716,46,9
2720,35,18
2720,45,10
2727,39,15
2728,24,26
2729,23,27
2730,44,11
2734,13,43
2734,38,16
2735,43,12
2740,12,46
2740,31,21
2742,28,23
2743,17,35
2744,34,19
2744,11,49
2745,15,39
2746,14,41
2746,21,30
2748,42,13
2750,50,6
2750,30,22
2750,20,31
2750,25,25
2753,27,24
2753,49,7
2753,33,20
2754,41,14
2754,37,17
2754,18,34
2756,48,8
2760,13,44
2762,16,37
2762,36,18
2762,47,9
2766,11,50
2766,46,10
2770,40,15
2774,14,42
2775,45,11
2777,17,36
2777,39,16
2778,22,29
2779,23,28
2780,32,21
2780,44,12
2781,29,23
2782,19,33
2785,35,19
2788,12,47
2788,26,25
2790,31,22
2790,20,32
2792,28,24
2792,43,13
2794,16,38
2794,34,20
2795,15,40
2796,38,17
2798,42,14
2800,25,26
2800,50,7
2802,24,27
2803,49,8
2804,37,18
2808,48,9
2812,47,10
2812,12,48
2813,41,15
2820,30,23
2820,46,11
2820,40,16
2820,33,21
2822,18,35
2822,22,30
2823,13,45
2825,45,12
2825,21,31
2826,27,25
2826,36,19
2830,32,22
2831,29,24
2832,19,34
2835,35,20
2836,44,13
2838,26,26
2838,39,17
2842,43,14
2846,38,18
2850,50,8
2852,23,29
2852,14,43
2852,24,28
2854,49,9
2856,42,15
2858,48,10
2858,18,36
2858,16,39
2859,31,23
2860,34,21
2860,20,33
2860,17,37
2860,15,41
2863,41,16
2864,28,25
2865,47,11
2867,21,32
2867,37,19
2870,33,22
2870,46,12
2870,30,24
2873,13,46
2875,25,27
2876,27,26
2876,36,20
2880,14,44
2880,40,17
2880,45,13
2886,44,14
2888,39,18
2890,15,42
2894,17,38
2898,23,30
2898,32,23
2898,12,49
2899,43,15
2900,35,21
2900,50,9
2900,22,31
2901,19,35
2902,29,25
2904,49,10
2906,42,16
2908,38,19
2908,16,40
2909,31,24
2910,34,22
2910,20,34
2910,48,11
2912,26,27
2914,28,26
2915,47,12
2917,37,20
2922,12,50
2922,41,17
2924,46,13
2925,25,28
2925,13,47
2926,24,29
2930,45,14
2930,40,18
2937,33,23
2938,21,33
2939,19,36
2940,18,37
2940,36,21
2940,30,25
2942,44,15
2944,22,32
2944,14,45
2948,32,24
2949,27,27
2949,43,16
2949,39,19
2950,35,22
2950,50,10
2951,13,48
2952,29,26
2955,49,11
2958,38,20
2960,48,12
2961,17,39
2962,26,28
2964,42,17
2968,47,13
2970,15,43
2972,41,18
2974,46,14
2974,16,41
2974,24,30
2975,23,31
2976,18,38
2976,34,23
2978,31,25
2980,20,35
2980,37,21
2985,45,15
2986,28,27
2987,33,24
2988,21,34
2990,36,22
2990,40,19
2990,30,26
2992,44,16
2994,14,46
2999,39,20
2999,27,28
3000,15,44
3000,50,11
3000,25,29
3005,49,12
3006,16,42
3006,43,17
3011,17,40
3012,48,13
3014,42,18
3015,35,23
3016,32,25
3016,22,33
3018,47,14
3020,20,36
3020,19,37
3020,38,21
3021,23,32
3023,29,27
3026,34,24
3028,31,26
3028,46,15
3030,37,22
3031,41,19
3035,45,16
3036,28,28
3036,26,29
3038,13,49
3040,40,20
3044,18,39
3048,44,17
3050,14,47
3050,24,31
3050,50,12
3050,25,30
3054,36,23
3054,33,25
3056,43,18
3056,49,13
3058,19,38
3059,21,35
3060,30,27
3060,39,21
3062,48,14
3064,13,50
3065,15,45
3065,35,24
3066,32,26
3066,22,34
3070,38,22
3071,47,15
3072,27,29
3072,42,19
3073,29,28
3078,46,16
3078,14,48
3078,17,41
3081,41,20
3086,26,30
3088,16,43
3090,45,17
3092,34,25
3093,37,23
3094,23,33
3094,18,40
3097,31,27
3098,24,32
3098,44,18
3100,50,13
3100,20,37
3100,40,21
3101,21,36
3104,33,26
3104,36,24
3106,49,14
3108,28,29
3110,30,28
3110,39,22
3112,17,42
3113,43,19
3114,48,15
3115,15,46
3120,16,44
3121,47,16
3122,27,30
3122,42,20
3125,25,31
3127,19,39
3130,35,25
3132,46,17
3132,38,23
3134,32,27
3138,22,35
3140,41,21
3140,20,38
3140,45,18
3142,34,26
3143,37,24
3144,29,29
3144,23,34
3147,31,28
3150,50,14
3150,40,22
3154,44,19
3157,49,15
3158,28,30
3160,26,31
3162,18,41
3163,43,20
3164,14,49
3164,48,16
3168,36,25
3171,33,27
3171,39,23
3172,24,33
3174,47,17
3175,15,47
3175,25,32
3177,19,40
3180,42,21
3180,30,29
3180,35,26
3180,21,37
3182,46,18
3182,38,24
3182,22,36
3184,32,28
3186,16,45
3190,41,22
3192,14,50
3194,29,30
3195,27,31
3195,17,43
3195,45,19
3198,18,42
3200,50,15
3204,44,20
3205,15,48
3206,37,25
3207,49,16
3208,34,27
3210,26,32
3210,40,23
3210,20,39
3216,48,17
3216,31,29
3217,23,35
3218,36,26
3220,43,21
3221,39,24
3221,33,28
3222,24,34
3222,21,38
3224,47,18
3229,17,44
3230,30,30
3230,42,22
3230,28,31
3236,16,46
3236,46,19
3244,38,25
3245,45,20
3245,35,27
3245,27,32
3246,19,41
3249,41,23
3250,50,16
3250,25,33
3252,32,29
3256,37,26
3258,49,17
3258,34,28
3260,44,21
3260,22,37
3260,20,40
3260,40,24
3263,23,36
3265,29,31
3266,31,30
3266,48,18
3270,43,22
3277,47,19
3280,28,32
3280,18,43
3282,36,27
3282,39,25
3284,26,33
3284,19,42
3286,46,20
3288,33,29
3288,42,23
3290,15,49
3293,21,39
3294,38,26
3295,35,28
3296,24,35
3296,17,45
3299,41,24
3300,45,21
3300,16,47
3300,30,31
3300,50,17
3300,25,34
3302,32,30
3304,22,38
3308,49,18
3310,44,22
3315,29,32
3316,18,44
3318,48,19
3318,27,33
3319,37,27
3320,15,50
3320,40,25
3324,34,29
3327,47,20
3327,43,23
3330,20,41
3332,16,48
3332,36,28
3332,39,26
3334,26,34
3335,31,31
3338,42,24
3338,33,30
3340,23,37
3340,46,21
3343,21,40
3344,24,36
3346,17,46
3350,45,22
3350,50,18
3350,30,32
3352,28,33
3356,38,27
3358,41,25
3359,49,19
3360,35,29
3365,19,43
3366,44,23
3368,48,20
3368,27,34
3369,37,28
3370,32,31
3370,40,26
3370,20,42
3374,34,30
3375,25,35
3376,22,39
3377,43,24
3380,47,21
3384,18,45
3385,31,32
3386,29,33
3386,23,38
3390,46,22
3393,39,27
3396,42,25
3396,36,29
3400,50,19
3402,28,34
3403,19,44
3405,45,23
3405,33,31
3406,38,28
3408,26,35
3408,41,26
3409,49,20
3410,35,30
3413,17,47
3414,21,41
3416,16,49
3416,44,24
3420,24,37
3420,32,32
3420,48,21
3420,30,33
3425,25,36
3426,22,40
3430,40,27
3430,47,22
3432,37,29
3434,43,25
3434,18,46
3436,29,34
3440,34,31
3441,27,35
3443,39,28
3444,46,23
3446,42,26
3446,36,30
3447,17,48
3448,16,50
3450,20,43
3450,50,20
3454,31,33
3455,45,24
3455,33,32
3456,21,42
3458,26,36
3459,23,39
3460,49,21
3467,41,27
3468,24,38
3468,38,29
3470,48,22
3470,30,34
3472,44,25
3472,19,45
3474,28,35
3475,35,31
3480,40,28
3482,37,30
3483,47,23
3484,43,26
3488,32,33
3490,20,44
3490,34,32
3491,27,36
3494,46,24
3498,22,41
3500,50,21
3500,25,37
3502,18,47
3504,39,29
3504,42,27
3504,31,34
3507,29,35
3509,23,40
3510,36,31
3510,45,25
3510,49,22
3517,41,28
3518,38,30
3522,48,23
3522,44,26
3522,19,46
3522,33,33
3524,28,36
3525,35,32
3530,17,49
3532,26,37
3533,47,24
3535,21,43
3538,18,48
3538,32,34
3540,30,35
3540,40,29
3541,43,27
3542,22,42
3542,24,39
3545,37,31
3548,46,25
3550,25,38
3550,50,22
3554,42,28
3554,39,30
3556,34,33
3557,29,36
3560,36,32
3560,20,45
3560,45,26
3561,49,23
3564,27,37
3564,17,50
3572,33,34
3572,48,24
3573,31,35
3576,41,29
3577,21,44
3578,44,27
3580,38,31
3582,26,38
3582,23,41
3586,47,25
3590,35,33
3590,40,30
3590,30,36
3591,19,47
3591,43,28
3592,24,40
3595,37,32
3596,28,37
3598,46,26
3600,50,23
3606,34,34
3606,32,35
3610,20,46
3611,49,24
3612,42,29
3614,27,38
3615,39,31
3615,45,27
3620,22,43
3620,18,49
3623,31,36
3624,36,33
3624,48,25
3625,25,39
3626,41,30
3628,23,42
3628,44,28
3628,29,37
3629,19,48
3630,38,32
3636,47,26
3639,33,35
3640,35,34
3646,28,38
3648,43,29
3648,21,45
3650,40,31
3650,50,24
3652,46,27
3656,32,36
3656,26,39
3656,18,50
3658,37,33
3660,30,37
3662,49,25
3662,42,30
3664,22,44
3665,39,32
3665,45,28
3666,24,41
3672,34,35
3674,36,34
3674,48,26
3675,25,40
3678,29,38
3680,20,47
3684,44,29
3685,41,31
3687,27,39
3689,33,36
3689,47,27
3692,31,37
3692,38,33
3698,43,30
3698,21,46
3700,50,25
3700,40,32
3702,46,28
3705,35,35
3705,23,43
3706,26,40
3708,37,34
3710,19,49
3710,30,38
3712,49,26
3714,24,42
3718,28,39
3720,45,29
3720,20,48
3720,42,31
3722,34,36
3724,32,37
3726,39,33
3726,48,27
3734,44,30
3735,41,32
3736,22,45
3737,27,40
3738,36,35
3739,47,28
3742,38,34
3742,31,38
3748,19,50
3749,29,39
3750,25,41
3750,50,26
3751,23,44
3755,43,31
3755,35,36
3756,46,29
3756,33,37
3760,40,33
3763,49,27
3768,28,40
3769,21,47
3770,42,32
3770,45,30
3771,37,35
3774,32,38
3776,48,28
3776,39,34
3780,26,41
3780,30,39
3786,22,46
3788,34,37
3788,36,36
3790,44,31
3790,24,43
3792,47,29
3794,41,33
3799,29,40
3800,25,42
3800,20,49
3800,50,27
3804,38,35
3805,43,32
3806,46,30
3806,33,38
3810,40,34
3810,27,41
3811,31,39
3811,21,48
3813,49,28
3820,35,37
3821,37,36
3824,23,45
3825,45,31
3828,42,33
3828,48,29
3830,30,40
3830,26,42
3837,39,35
3838,24,44
3838,34,38
3840,20,50
3840,28,41
3840,44,32
3842,32,39
3842,47,30
3844,41,34
3850,50,28
3852,36,37
3854,38,36
3858,22,47
3860,27,42
3860,46,31
3861,31,40
3862,43,33
3864,49,29
3870,35,38
3870,40,35
3870,29,41
3873,33,39
3874,23,46
3875,45,32
3875,25,43
3878,42,34
3878,48,30
3884,37,37
3887,39,36
3890,28,42
3890,21,49
3892,32,40
3895,47,31
3896,44,33
3900,30,41
3900,50,29
3902,36,38
3902,22,48
3903,41,35
3904,34,39
3904,26,43
3910,46,32
3912,43,34
3912,24,45
3914,49,30
3916,38,37
3920,29,42
3920,40,36
3923,33,40
3925,25,44
3930,31,41
3930,48,31
3930,45,33
3932,21,50
3933,27,43
3934,37,38
3935,35,39
3936,42,35
3945,47,32
3946,44,34
3947,23,47
3948,39,37
3950,30,42
3950,50,30
3953,41,36
3954,34,40
3954,26,44
3960,32,41
3962,24,46
3962,28,43
3964,46,33
3965,49,31
3966,38,38
3966,36,39
3969,43,35
3980,45,34
3980,22,49
3980,31,42
3980,48,32
3980,40,37
3983,27,44
3985,35,40
3986,42,36
3990,33,41
3991,29,43
3993,23,48
3997,37,39
3998,39,38
3998,47,33
4000,25,45
4000,50,31
4002,44,35
4010,32,42
4012,41,37
4012,28,44
4014,46,34
4015,49,32
4016,36,40
4019,43,36
4020,30,43
4020,34,41
4024,22,50
4028,38,39
4028,26,45
4030,40,38
4032,48,33
4035,45,35
4036,24,47
4040,33,42
4041,29,44
4044,42,37
4047,37,40
4048,47,34
4049,31,43
4050,35,41
4050,50,32
4050,25,46
4052,44,36
4056,27,45
4059,39,39
4062,41,38
4066,49,33
4068,46,35
4070,34,42
4070,23,49
4070,30,44
4076,43,37
4078,26,46
4078,38,40
4078,32,43
4080,36,41
4082,48,34
4084,28,45
4084,24,48
4085,45,36
4090,40,39
4094,42,38
4099,31,44
4100,50,33
4100,35,42
4101,47,35
4106,27,46
4107,33,43
4108,44,37
4109,39,40
4110,37,41
4112,29,45
4116,23,50
4116,49,34
4118,46,36
4121,41,39
4125,25,47
4126,43,38
4128,32,44
4130,36,42
4134,28,46
4134,48,35
4136,34,43
4140,40,40
4140,45,37
4140,30,45
4140,38,41
4150,50,34
4151,47,36
4152,26,47
4152,42,39
4157,33,44
4158,44,38
4160,24,49
4160,37,42
4162,29,46
4165,35,43
4167,49,35
4168,31,45
4170,39,41
4171,41,40
4172,46,37
4175,25,48
4179,27,47
4183,43,39
4184,48,36
4186,34,44
4190,30,46
4190,45,38
4190,38,42
4194,36,43
4196,32,45
4200,50,35
4200,40,41
4202,42,40
4202,26,48
4204,47,37
4206,28,47
4208,24,50
4214,44,39
4215,35,44
4217,49,36
4218,31,46
4220,39,42
4222,46,38
4223,37,43
4224,33,45
4229,27,48
4230,41,41
4233,43,40
4233,29,47
4236,48,37
4244,36,44
4245,45,39
4246,32,46
4250,40,42
4250,50,36
4250,25,49
4252,34,45
4252,38,43
4254,47,38
4256,28,48
4260,30,47
4260,42,41
4264,44,40
4268,49,37
4273,37,44
4274,33,46
4276,26,49
4276,46,39
4280,35,45
4280,41,42
4281,39,43
4283,29,48
4286,48,38
4287,31,47
4290,43,41
4295,45,40
4300,50,37
4300,25,50
4302,27,49
4302,38,44
4302,34,46
4307,47,39
4308,36,45
4310,42,42
4310,40,43
4310,30,48
4314,32,47
4318,49,38
4320,44,41
4326,26,50
4326,46,40
4328,28,49
4330,35,46
4331,39,44
4336,37,45
4337,31,48
4338,48,39
4339,41,43
4340,43,42
4341,33,47
4350,50,38
4350,45,41
4352,27,50
4354,29,49
4357,47,40
4358,36,46
4360,40,44
4364,32,48
4364,38,45
4368,42,43
4368,34,47
4369,49,39
4370,44,42
4378,28,50
4380,30,49
4380,46,41
4386,37,46
4388,48,40
4389,41,44
4391,33,48
4392,39,45
4395,35,47
4397,43,43
4400,50,39
4400,45,42
4404,29,50
4406,31,49
4410,47,41
4414,38,46
4418,42,44
4418,34,48
4419,49,40
4420,40,45
4422,36,47
4426,44,43
4430,30,50
4430,46,42
4432,32,49
4440,48,41
4442,39,46
4445,35,48
4447,43,44
4448,41,45
4449,37,47
4450,50,40
4455,45,43
4456,31,50
4458,33,49
4460,47,42
4470,49,41
4470,40,46
4472,36,48
4476,44,44
4476,38,47
4476,42,45
4482,32,50
4484,46,43
4484,34,49
4490,48,42
4498,41,46
4499,37,48
4500,50,41
4503,39,47
4504,43,45
4505,45,44
4508,33,50
4510,35,49
4513,47,43
4520,49,42
4526,38,48
4526,42,46
4530,40,47
4532,44,45
4534,46,44
4534,34,50
4536,36,49
4542,48,43
4550,50,42
4553,39,48
4554,43,46
4557,41,47
4560,45,45
4560,35,50
4562,37,49
4563,47,44
4571,49,43
4580,40,48
4582,44,46
4584,42,47
4586,36,50
4588,46,45
4588,38,49
4592,48,44
4600,50,43
4607,41,48
4610,45,46
4611,43,47
4612,37,50
4614,39,49
4616,47,45
4621,49,44
4634,42,48
4638,44,47
4638,46,46
4638,38,50
4640,40,49
4644,48,45
4650,50,44
4661,43,48
4664,39,50
4665,45,47
4666,47,46
4666,41,49
4672,49,45
4688,44,48
4690,40,50
4692,46,47
4692,42,49
4694,48,46
4700,50,45
4715,45,48
4716,41,50
4718,43,49
4719,47,47
4722,49,46
4742,46,48
4742,42,50
4744,44,49
4746,48,47
4750,50,46
4768,43,50
4769,47,48
4770,45,49
4773,49,47
4794,44,50
4796,46,49
4796,48,48
4800,50,47
4820,45,50
4822,47,49
4823,49,48
4846,46,50
4848,48,49
4850,50,48
4872,47,50
4874,49,49
4898,48,50
4900,50,49
4924,49,50
4950,50,50
